File,Cross-Entropy,Overall,Overall Binary,Overall Highest Probability Index,Readability,Understandability,Complexity,Modularization
dataset/aoi/sourcefiles/ArtOfIllusion/src/artofillusion/animation/ActorEditorWindow.java,3.6344273481486526,"{2.81463e-08,0.237515,0.762485,2.48766e-07}",True,2,"{4.38897e-07,0.848266,0.151734,3.13027e-08}","{4.80515e-06,0.165522,0.834105,0.000368564}","{0.0384024,0.242482,0.719054,6.09142e-05}","{0.000933063,0.754034,0.245033,2.1247e-08}"
dataset/aoi/sourcefiles/ArtOfIllusion/src/artofillusion/animation/AnimationPreviewer.java,4.106339934704115,"{0.0,2.55598e-05,0.33632,0.663654}",True,3,"{2.28e-18,0.0385996,0.954321,0.00707939}","{1.808e-11,0.0220584,0.972453,0.0054887}","{1.11763e-05,0.856708,0.143281,4.3631e-10}","{0.0169976,0.983002,1e-20,0.0}"
dataset/aoi/sourcefiles/ArtOfIllusion/src/artofillusion/animation/distortion/CustomDistortion.java,3.5352230072021484,"{0.0,0.0,0.718747,0.281253}",True,2,"{0.0,0.986621,0.0133786,3.96798e-09}","{0.0,0.0,0.0750067,0.924993}","{0.0,1.0,8.728e-17,0.0}","{0.0,1.0,0.0,0.0}"
dataset/aoi/sourcefiles/ArtOfIllusion/src/artofillusion/animation/FilterParameterTrack.java,3.680446364546764,"{3e-20,1.52735e-05,0.621429,0.378556}",True,2,"{2.10594e-05,0.994837,0.00513738,4.87282e-06}","{4.96097e-11,0.000594478,0.982747,0.0166586}","{7.97478e-11,0.998797,0.00120278,5.41849e-13}","{0.954571,0.0454259,2.63485e-06,1.9e-19}"
dataset/aoi/sourcefiles/ArtOfIllusion/src/artofillusion/animation/IKTrack.java,3.843212592279413,"{8.98743e-10,0.00424964,0.98226,0.0134906}",True,2,"{0.00148014,0.995007,0.00351286,5.91009e-12}","{0.00246177,0.0365374,0.960852,0.000148336}","{0.0218853,0.89388,0.0214254,0.0628096}","{0.961592,0.0384083,2.25749e-09,0.0}"
dataset/aoi/sourcefiles/ArtOfIllusion/src/artofillusion/animation/NullKeyframe.java,4.678558826446533,"{1.0,0.0,0.0,0.0}",False,0,"{1.0,1.1349e-16,0.0,0.0}","{1.63e-18,0.997988,0.00201219,0.0}","{0.0,0.0,0.0,1.0}","{0.0,7.456e-13,0.200522,0.799478}"
dataset/aoi/sourcefiles/ArtOfIllusion/src/artofillusion/animation/PositionTrack.java,3.8316630319451654,"{3.16518e-06,0.293478,0.553163,0.153356}",True,2,"{2.39448e-09,0.332296,0.599833,0.0678707}","{0.472313,0.366952,0.16065,8.50418e-05}","{0.422985,0.576999,1.57321e-05,1.55726e-08}","{0.166259,0.833741,8.56171e-10,1.64175e-09}"
dataset/aoi/sourcefiles/ArtOfIllusion/src/artofillusion/animation/Skeleton.java,3.13562557410779,"{0.0,2.04489e-06,0.101905,0.898093}",True,3,"{1.08924e-06,0.377053,0.622311,0.00063514}","{9.64551e-10,0.00864728,0.211692,0.779661}","{0.96707,0.0329297,3.99267e-07,1.1e-19}","{0.969588,0.0303972,1.51168e-05,6.427e-17}"
dataset/aoi/sourcefiles/ArtOfIllusion/src/artofillusion/animation/SkeletonTool.java,3.793680335808584,"{2.69737e-15,0.000637118,0.778688,0.220675}",True,2,"{2.1087e-06,0.7747,0.225161,0.000136264}","{4.72941e-10,0.00523159,0.617116,0.377652}","{0.195395,0.803749,0.00084415,1.21135e-05}","{0.686819,0.31067,0.00251102,1.40927e-08}"
dataset/aoi/sourcefiles/ArtOfIllusion/src/artofillusion/animation/VerticalAxis.java,3.728132486343384,"{0.0,1.0,0.0,0.0}",True,1,"{0.0,1.0,3.06531e-13,0.0}","{0.000861653,0.155208,0.842656,0.00127435}","{0.0,1.10888e-07,1.0,3.59017e-08}","{0.0,7.3426e-11,0.998341,0.00165913}"
dataset/aoi/sourcefiles/ArtOfIllusion/src/artofillusion/ApplicationPreferences.java,3.792399905757143,"{1.05354e-15,0.292087,0.707912,8.54689e-07}",True,2,"{5.30556e-08,0.416488,0.582699,0.000812561}","{9.84635e-09,0.0698408,0.929939,0.000220625}","{2.56443e-13,0.104801,0.895198,9.31582e-07}","{1.42926e-11,0.353875,0.645926,0.000198905}"
dataset/aoi/sourcefiles/ArtOfIllusion/src/artofillusion/CreateCubeTool.java,3.6674850517800297,"{6.26927e-11,0.160984,0.839016,6.86164e-09}",True,2,"{0.248359,0.744758,0.00688327,2.9169e-15}","{6.23696e-07,0.00957817,0.990363,5.86593e-05}","{6.48054e-07,0.969641,0.0303566,1.70608e-06}","{0.172267,0.827733,3.12427e-10,0.0}"
dataset/aoi/sourcefiles/ArtOfIllusion/src/artofillusion/CreateCylinderTool.java,3.7048662905727636,"{1.34211e-05,0.811055,0.188931,2.1468e-12}",True,1,"{0.794363,0.205552,8.13138e-05,4.28746e-06}","{0.0250775,0.967531,0.00422515,0.00316647}","{0.000388572,0.18772,0.811891,1.25376e-08}","{0.0,1.48226e-07,0.999404,0.000596285}"
dataset/aoi/sourcefiles/ArtOfIllusion/src/artofillusion/CreateVertexTool.java,3.150721424322837,"{0.0,0.0036873,0.0400825,0.95623}",True,3,"{1.7711e-05,0.876129,0.123836,1.73508e-05}","{1.38549e-08,0.0165304,0.981572,0.00189809}","{0.935294,0.0647059,2.61807e-09,0.0}","{0.16838,0.814475,0.0171431,2.33585e-06}"
dataset/aoi/sourcefiles/ArtOfIllusion/src/artofillusion/CurveViewer.java,3.6337951953027745,"{0.0,0.0277433,0.68544,0.286817}",True,2,"{1.65952e-08,0.200801,0.798334,0.000865317}","{3.32222e-09,0.0799565,0.906221,0.0138226}","{0.958833,0.0411671,7.18828e-09,0.0}","{6.93393e-07,0.978544,0.0214554,6.87501e-12}"
dataset/aoi/sourcefiles/ArtOfIllusion/src/artofillusion/image/ImageOrColor.java,4.212902069091797,"{0.00057048,0.992867,0.00656229,0.0}",True,1,"{0.98741,0.0125897,1.001e-17,0.0}","{3.80228e-05,0.98222,0.0177424,4.596e-17}","{5.54e-18,0.00287127,0.997122,6.96728e-06}","{7.627e-16,0.00180606,0.998192,2.09368e-06}"
dataset/aoi/sourcefiles/ArtOfIllusion/src/artofillusion/image/ImageSaver.java,3.7642819285596816,"{7.18587e-14,0.0121499,0.987692,0.000158553}",True,2,"{1.40951e-07,0.278413,0.721586,2.12196e-08}","{1.10758e-10,0.112411,0.887589,1.0538e-07}","{0.156819,0.837267,0.0059133,1.06594e-13}","{0.748017,0.251934,4.92877e-05,1.02373e-15}"
dataset/aoi/sourcefiles/ArtOfIllusion/src/artofillusion/keystroke/KeystrokeEditor.java,3.4404764093749303,"{0.00137148,0.935403,0.0632256,9.20024e-13}",True,1,"{9.08275e-05,0.998084,0.00182529,5e-18}","{2.20846e-05,0.96284,0.0371384,4.94761e-15}","{0.0,7.95977e-05,0.355123,0.644798}","{3.20969e-06,0.0176647,0.955831,0.0265009}"
dataset/aoi/sourcefiles/ArtOfIllusion/src/artofillusion/keystroke/KeystrokePreferencesPanel.java,3.9049994358163795,"{9.40091e-05,0.428737,0.571168,9.89641e-07}",True,2,"{0.311106,0.688626,0.000268399,2.06618e-08}","{0.000216931,0.812951,0.186602,0.000229695}","{6.82077e-07,0.0278124,0.941711,0.0304762}","{0.000185503,0.406105,0.593709,7.08585e-08}"
dataset/aoi/sourcefiles/ArtOfIllusion/src/artofillusion/material/Material3D.java,5.777379512786865,"{0.952335,0.0476649,3.02513e-07,2.01474e-15}",False,0,"{0.957194,0.0427955,1.01182e-05,6.00241e-10}","{0.916827,0.0827324,0.000440876,5.81851e-11}","{7.25228e-12,0.000480204,0.0986215,0.900898}","{2.16921e-08,0.000702627,0.120956,0.878342}"
dataset/aoi/sourcefiles/ArtOfIllusion/src/artofillusion/material/MaterialMapping.java,5.554887771606445,"{0.984911,0.0150895,1.29179e-09,0.0}",False,0,"{0.961645,0.0383463,8.42896e-06,1.56289e-10}","{0.949126,0.0507472,0.000126645,3.24991e-13}","{6.2976e-16,8.3078e-06,0.0398721,0.96012}","{2.209e-17,6.29103e-05,0.0339099,0.966027}"
dataset/aoi/sourcefiles/ArtOfIllusion/src/artofillusion/math/Cells.java,3.3050696227339005,"{0.0,0.0,7.72865e-06,0.999992}",True,3,"{4.4464e-11,0.417761,0.582238,1.73135e-07}","{6.52175e-11,4.05309e-12,6.76266e-07,0.999999}","{0.839412,0.160588,1.66336e-11,0.0}","{0.858521,0.141466,1.29045e-05,0.0}"
dataset/aoi/sourcefiles/ArtOfIllusion/src/artofillusion/math/Mat4.java,2.045625201184699,"{3.23e-18,0.000177758,0.999822,1.78978e-07}",True,2,"{0.000167046,0.998948,0.000885053,3.3478e-16}","{1.66154e-10,5.03514e-11,1.3971e-09,1.0}","{0.936562,0.0634331,4.85325e-06,1.7e-19}","{6.97847e-11,0.957151,0.0428486,3.63254e-11}"
dataset/aoi/sourcefiles/ArtOfIllusion/src/artofillusion/MoveScaleRotateObjectTool.java,3.59631547663965,"{0.0,0.000145129,0.144014,0.855841}",True,3,"{3.16977e-05,0.496665,0.461597,0.0417057}","{1.37164e-05,0.00131198,0.551269,0.447405}","{0.295799,0.703915,0.000285956,0.0}","{0.249701,0.723729,0.0265661,4.05562e-06}"
dataset/aoi/sourcefiles/ArtOfIllusion/src/artofillusion/object/ImplicitObject.java,1.7891061808104531,"{0.0,1.88614e-05,0.0113335,0.988648}",True,3,"{4.24518e-06,0.879494,0.120502,1.6676e-09}","{1.53126e-09,1.95545e-05,7.60514e-06,0.999973}","{0.967037,0.0329634,7.87874e-10,0.0}","{0.896138,0.103431,0.000431154,5.27637e-10}"
dataset/aoi/sourcefiles/ArtOfIllusion/src/artofillusion/object/MeshVertex.java,3.5743520259857178,"{7.70063e-07,0.699322,0.300677,1.09911e-13}",True,1,"{0.0405447,0.940401,0.0190544,3.94009e-12}","{6.32424e-09,2.5114e-08,2.368e-09,1.0}","{3.53704e-07,0.543985,0.456014,3.75009e-10}","{0.0,3.25912e-09,0.897045,0.102955}"
dataset/aoi/sourcefiles/ArtOfIllusion/src/artofillusion/object/ReferenceImage.java,3.5360849553476825,"{3.09088e-06,0.949007,0.0509891,5.86689e-07}",True,1,"{5.93656e-06,0.426038,0.573954,1.8393e-06}","{1.58351e-05,0.177255,0.822728,1.47673e-06}","{0.000869818,0.416608,0.582523,4.00404e-10}","{6.40732e-11,0.542205,0.457795,8.30816e-11}"
dataset/aoi/sourcefiles/ArtOfIllusion/src/artofillusion/ObjectPropertiesPanel.java,3.5398895797953664,"{0.0,0.000229415,0.278809,0.720962}",True,3,"{3.16977e-05,0.496665,0.461597,0.0417057}","{9.07124e-08,0.00180294,0.732791,0.265406}","{0.295799,0.703915,0.000285956,0.0}","{0.531182,0.460258,0.00855951,1.16629e-06}"
dataset/aoi/sourcefiles/ArtOfIllusion/src/artofillusion/ObjectViewer.java,3.9062322630479884,"{3.57235e-08,0.848956,0.151044,1.0914e-13}",True,1,"{1.41465e-06,0.615273,0.384171,0.000553999}","{6.68991e-07,0.293036,0.696728,0.0102362}","{0.673356,0.325896,0.00074817,1.02153e-09}","{0.829763,0.170143,9.40737e-05,1.63721e-15}"
dataset/aoi/sourcefiles/ArtOfIllusion/src/artofillusion/procedural/AbsModule.java,4.149653911590576,"{0.986357,0.0136434,5.26997e-13,0.0}",False,0,"{0.953062,0.0281809,0.0187569,3.64161e-10}","{0.970301,0.0292325,0.000466585,6.15788e-11}","{0.0,8.457e-17,0.195607,0.804393}","{2.16921e-08,0.000702627,0.120956,0.878342}"
dataset/aoi/sourcefiles/ArtOfIllusion/src/artofillusion/procedural/ClipModule.java,4.093691825866699,"{0.780944,0.219055,9.88665e-07,2.11e-18}",False,0,"{0.123871,0.866749,0.00937912,3.8977e-16}","{0.179457,0.820541,2.05518e-06,0.0}","{0.0,1.19065e-07,0.379647,0.620353}","{1e-20,0.0332858,0.93764,0.0290743}"
dataset/aoi/sourcefiles/ArtOfIllusion/src/artofillusion/procedural/ColorDarkenModule.java,4.030231475830078,"{0.000184971,0.560906,0.438909,8.51292e-07}",True,1,"{4.82e-18,0.00996481,0.990035,9.0059e-08}","{0.00131953,0.328108,0.670536,3.66646e-05}","{5.61592e-08,0.000555821,0.163575,0.83587}","{0.0,1.90154e-07,0.908218,0.0917819}"
dataset/aoi/sourcefiles/ArtOfIllusion/src/artofillusion/procedural/ColorLightenModule.java,4.014464855194092,"{2.7784e-07,0.998647,0.00135234,0.0}",True,1,"{0.000323504,0.801422,0.198255,8.76174e-10}","{0.0143,0.881752,0.103948,3.65093e-08}","{4.2263e-08,0.00559594,0.644136,0.350268}","{0.0,2.22352e-08,0.999106,0.000894427}"
dataset/aoi/sourcefiles/ArtOfIllusion/src/artofillusion/procedural/ColorScaleModule.java,4.204224109649658,"{6.57882e-10,0.999974,2.57115e-05,2e-20}",True,1,"{4.29087e-08,0.998152,0.00184827,2.47185e-13}","{0.000739899,0.990513,0.00874749,1.7389e-16}","{4.6e-19,0.00063426,0.618055,0.38131}","{0.0,1.23e-18,0.0139355,0.986064}"
dataset/aoi/sourcefiles/ArtOfIllusion/src/artofillusion/procedural/ColorSumModule.java,3.9416847229003906,"{0.0592685,0.940726,5.41371e-06,0.0}",True,1,"{0.794363,0.205552,8.13138e-05,4.28746e-06}","{0.267107,0.721851,0.0110412,1.57919e-08}","{2.21551e-08,0.0411545,0.952573,0.0062725}","{0.0,7.16025e-09,0.342579,0.657421}"
dataset/aoi/sourcefiles/ArtOfIllusion/src/artofillusion/procedural/MaxModule.java,3.567619800567627,"{5.97118e-11,0.0260966,0.89756,0.0763431}",True,2,"{0.000705918,0.998092,0.00120219,1.98125e-14}","{5.5884e-07,0.00327797,0.996106,0.000615078}","{1.14097e-12,0.106461,0.892951,0.00058768}","{0.0,1.16295e-15,0.99141,0.00859009}"
dataset/aoi/sourcefiles/ArtOfIllusion/src/artofillusion/procedural/NumberModule.java,4.7209014892578125,"{0.101952,0.895654,0.00239406,4.92319e-13}",True,1,"{0.0170338,0.789484,0.193482,1.85578e-08}","{0.200569,0.760689,0.0387421,1.26125e-08}","{2.91311e-11,0.000733943,0.192302,0.806964}","{3.51107e-05,0.0558498,0.905474,0.0386414}"
dataset/aoi/sourcefiles/ArtOfIllusion/src/artofillusion/procedural/RGBModule.java,3.256385326385498,"{0.926245,0.0737546,1.217e-10,0.0}",False,0,"{0.187201,0.812659,0.000140439,5.7125e-09}","{0.41185,0.588126,2.44358e-05,3.42098e-14}","{6e-20,1.82339e-07,0.0998944,0.900105}","{0.0,2.66271e-11,0.0177,0.9823}"
dataset/aoi/sourcefiles/Renderers/src/artofillusion/raytracer/PhotonMap.java,3.7365188636392612,"{0.0,0.00182194,0.291643,0.706535}",True,3,"{1.30405e-05,0.196547,0.455799,0.347641}","{8.02223e-08,0.0248505,0.750476,0.224674}","{0.78755,0.212447,2.5442e-06,0.0}","{0.974662,0.0250395,0.000299028,8.64015e-09}"
dataset/aoi/sourcefiles/Renderers/src/artofillusion/raytracer/RTDirectionalLight.java,4.992081642150879,"{0.93722,0.0626685,0.000111167,1.55334e-12}",False,0,"{0.945181,0.0548191,6.01908e-11,0.0}","{0.00403132,0.960891,0.0350778,4.70584e-12}","{2.28479e-11,0.00101018,0.867418,0.131572}","{0.0,0.000280614,0.228393,0.771327}"
dataset/aoi/sourcefiles/Renderers/src/artofillusion/raytracer/RTEllipsoid.java,3.234134215348519,"{1.23496e-10,0.0550549,0.924878,0.0200667}",True,2,"{3.24342e-06,0.990734,0.00926303,9.43069e-15}","{1.71961e-07,0.0423835,0.873178,0.0844382}","{0.804691,0.195306,2.06349e-06,5.25149e-07}","{0.00344645,0.895215,0.101339,6.64282e-11}"
dataset/aoi/sourcefiles/Renderers/src/artofillusion/raytracer/RTTriangleLowMemory.java,3.1462897720521763,"{0.0,0.0,1.23803e-12,1.0}",True,3,"{0.102013,0.860343,0.0376435,3e-20}","{0.0,3.32751e-08,0.0766872,0.923313}","{0.17637,0.82363,0.0,0.0}","{0.737359,0.262469,0.000171724,1.915e-11}"
dataset/aoi/sourcefiles/ArtOfIllusion/src/artofillusion/RotateObjectTool.java,3.8090339298848503,"{4.56e-18,0.0012557,0.557358,0.441387}",True,2,"{4.82e-18,0.00996481,0.990035,9.0059e-08}","{2.68419e-05,0.0976622,0.902251,6.01277e-05}","{0.0141576,0.867501,0.118341,2.22681e-10}","{0.0381154,0.819755,0.142129,5.36727e-12}"
dataset/aoi/sourcefiles/ArtOfIllusion/src/artofillusion/Scene.java,3.7348048462134074,"{0.0,7.95193e-06,0.0626127,0.937379}",True,3,"{9.30393e-06,0.675306,0.214497,0.110188}","{1.3329e-08,0.000682626,0.191176,0.808142}","{0.170608,0.829232,0.000159546,0.0}","{0.531182,0.460258,0.00855951,1.16629e-06}"
dataset/aoi/sourcefiles/ArtOfIllusion/src/artofillusion/SceneChangedEvent.java,8.18502426147461,"{0.99961,0.000390201,1.4e-19,0.0}",False,0,"{0.99985,0.000149551,4e-20,0.0}","{0.996698,0.00330157,4.82091e-12,0.0}","{0.0,0.0,2.64836e-09,1.0}","{0.0,4e-20,0.00214848,0.997852}"
dataset/aoi/sourcefiles/ArtOfIllusion/src/artofillusion/SceneViewer.java,3.8196459467754136,"{0.0,0.000145129,0.144014,0.855841}",True,3,"{3.16977e-05,0.496665,0.461597,0.0417057}","{1.37164e-05,0.00131198,0.551269,0.447405}","{0.0247613,0.89237,0.0828507,1.78459e-05}","{0.249701,0.723729,0.0265661,4.05562e-06}"
dataset/aoi/sourcefiles/ArtOfIllusion/src/artofillusion/script/ScriptedObjectController.java,4.230227947235107,"{0.029375,0.97043,0.000194567,5.2e-19}",True,1,"{0.949787,0.0502067,6.02739e-06,2.37972e-14}","{0.302956,0.680806,0.0162381,1.02787e-10}","{3.63972e-08,0.177435,0.818645,0.00391943}","{3.2401e-14,0.012419,0.353204,0.634377}"
dataset/aoi/sourcefiles/ArtOfIllusion/src/artofillusion/SplineMeshEditorWindow.java,3.3413163890689166,"{0.0,0.0,3.33504e-06,0.999997}",True,3,"{1.35565e-15,0.00376581,0.988079,0.00815526}","{6.50356e-11,1.51925e-05,0.0155581,0.984427}","{0.969597,0.0304026,2.23029e-10,0.0}","{1.0,2.45908e-07,2e-20,0.0}"
dataset/aoi/sourcefiles/SPManager/src/artofillusion/spmanager/HttpSPMFileSystem.java,3.9233188281945193,"{0.0,8.04034e-05,0.0173088,0.982611}",True,3,"{0.0,0.206657,0.0671503,0.726192}","{6.56298e-08,4.45795e-10,0.646745,0.353254}","{0.336889,0.663041,6.99278e-05,0.0}","{0.881035,0.118965,0.0,0.0}"
dataset/aoi/sourcefiles/SPManager/src/artofillusion/spmanager/InstallSplitPane.java,4.099643706010361,"{8.13e-18,2.39375e-05,0.936614,0.0633621}",True,2,"{1.10711e-13,0.981615,0.0183852,8.92666e-11}","{8.96383e-12,2.83889e-05,2.64908e-05,0.999945}","{0.139633,0.860179,0.000187046,8.23304e-07}","{0.982942,0.0170576,6.42679e-13,0.0}"
dataset/aoi/sourcefiles/SPManager/src/artofillusion/spmanager/SPManagerPlugin.java,3.800473398148829,"{0.0,2.14389e-05,0.863959,0.13602}",True,2,"{0.0,0.0163848,0.981395,0.00222024}","{3.09275e-10,0.00021811,0.999159,0.000623198}","{0.839472,0.160528,1e-20,0.0}","{0.609967,0.390033,4.63151e-11,0.0}"
dataset/aoi/sourcefiles/SPManager/src/artofillusion/spmanager/SPManagerUtils.java,4.02083054492127,"{0.0,0.0,1.0,5.36855e-09}",True,2,"{0.0,0.00788651,0.991159,0.000954507}","{2.0344e-12,0.998858,0.00114228,0.0}","{0.0,0.842427,0.155819,0.00175383}","{0.0,1.0,0.0,0.0}"
dataset/aoi/sourcefiles/SPManager/src/artofillusion/spmanager/SPMFileSystem.java,3.929737091064453,"{0.000148382,0.971835,0.028017,2.03086e-13}",True,1,"{0.844074,0.155915,1.17127e-05,1.23479e-09}","{0.480279,0.516873,0.0028481,1.79189e-08}","{4.59832e-15,2.97e-05,0.300961,0.699009}","{2.209e-17,6.29103e-05,0.0339099,0.966027}"
dataset/aoi/sourcefiles/SPManager/src/artofillusion/spmanager/SPMTranslate.java,4.165765213057271,"{0.000700186,0.998944,0.000355825,0.0}",True,1,"{0.000436977,0.894155,0.105408,8.9367e-15}","{0.000531847,0.995393,0.00407533,1.854e-13}","{3.8435e-16,0.00118411,0.997558,0.00125808}","{4.6596e-16,0.0044314,0.578026,0.417542}"
dataset/aoi/sourcefiles/ArtOfIllusion/src/artofillusion/texture/FaceVertexParameterValue.java,3.1666394152526243,"{0.000478604,0.986218,0.0133035,3.7e-19}",True,1,"{0.344153,0.624197,0.0316496,2.09468e-07}","{2.2314e-05,0.602984,0.39633,0.000664096}","{0.0298168,0.703421,0.266762,1.69984e-08}","{7.16628e-14,0.0313527,0.968473,0.000174472}"
dataset/aoi/sourcefiles/ArtOfIllusion/src/artofillusion/texture/UniformTexture.java,3.18055196203478,"{7.43307e-10,0.999985,1.48396e-05,2e-20}",True,1,"{1.52152e-14,0.985838,0.0141617,1.66363e-11}","{0.460705,0.539294,2.689e-07,0.0}","{0.0,0.000622909,0.999377,9.64097e-14}","{0.0,6.99842e-12,1.0,3.5074e-16}"
dataset/aoi/sourcefiles/Tools/src/artofillusion/tools/ArraySpec.java,3.7138466390132763,"{3.2e-19,6.23694e-05,0.77851,0.221427}",True,2,"{3.9803e-06,0.971936,0.0274996,0.00055992}","{3.03937e-11,0.000281536,0.0959787,0.90374}","{0.355497,0.64448,2.28355e-05,8.6e-19}","{0.850658,0.149338,3.73956e-06,0.0}"
dataset/aoi/sourcefiles/ArtOfIllusion/src/artofillusion/TransformPointsDialog.java,3.9309046268463135,"{0.197425,0.801695,0.000880284,1.53902e-13}",True,1,"{0.72666,0.271017,0.00232293,1.17467e-14}","{0.000157681,0.986879,0.0129637,2.60952e-12}","{2.52283e-12,0.000291194,0.0930862,0.906623}","{4.91083e-06,0.040282,0.91474,0.0449732}"
dataset/aoi/sourcefiles/Translators/src/artofillusion/translators/OBJImporter.java,3.460955084940114,"{0.0,0.0,7.48167e-07,0.999999}",True,3,"{8.53956e-13,0.188569,0.811431,1.59882e-08}","{2.7656e-09,1.47172e-11,7.53095e-07,0.999999}","{0.845248,0.154752,1.72002e-07,0.0}","{0.997098,0.00290135,8.83033e-07,1e-20}"
dataset/aoi/sourcefiles/Translators/src/artofillusion/translators/POVExporter.java,3.2688488091218657,"{0.0,5.81878e-05,0.26444,0.735502}",True,3,"{4.4167e-14,0.0664275,0.924942,0.00863057}","{1.44588e-09,0.000644296,0.469737,0.529619}","{0.195395,0.803749,0.00084415,1.21135e-05}","{0.686819,0.31067,0.00251102,1.40927e-08}"
dataset/aoi/sourcefiles/Translators/src/artofillusion/translators/TextureImageExporter.java,2.9875778845910514,"{2.16648e-08,0.160153,0.813925,0.0259221}",True,2,"{1.96205e-05,0.885832,0.114149,8.07257e-09}","{9.81071e-09,0.0733606,0.613897,0.312742}","{0.107004,0.84513,0.0478661,1.25577e-12}","{0.0,2.49883e-14,0.99519,0.00481021}"
dataset/aoi/sourcefiles/ArtOfIllusion/src/artofillusion/TriMeshSelectionUtilities.java,3.149920230039281,"{2.87826e-12,0.0110794,0.92609,0.0628303}",True,2,"{1.87794e-05,0.708127,0.291002,0.000851749}","{1.09386e-07,0.0576067,0.513569,0.428824}","{0.128452,0.779653,0.091895,3.92389e-11}","{0.0705177,0.911494,0.0179881,7.32293e-12}"
dataset/aoi/sourcefiles/ArtOfIllusion/src/artofillusion/TriMeshSimplifier.java,3.275450806898083,"{0.0,1.46771e-06,0.0230749,0.976924}",True,3,"{1e-20,2.16812e-07,0.970131,0.0298685}","{2.42325e-06,0.13605,0.863945,2.68761e-06}","{0.981068,0.0189324,0.0,0.0}","{0.997851,0.00214871,6e-20,0.0}"
dataset/aoi/sourcefiles/ArtOfIllusion/src/artofillusion/TubeEditorWindow.java,3.525981085148397,"{0.0,9.35963e-07,0.126096,0.873903}",True,3,"{1.21433e-14,0.0754961,0.923579,0.000925047}","{1.59903e-11,0.000136793,0.273906,0.725957}","{0.922185,0.0778145,1.5278e-07,1e-20}","{0.967674,0.0323213,4.41241e-06,1.77e-18}"
dataset/aoi/sourcefiles/ArtOfIllusion/src/artofillusion/ui/DefaultDockableWidget.java,3.9541566371917725,"{0.16281,0.837076,0.000113757,8.74057e-15}",True,1,"{0.253554,0.745548,0.00089724,2.53185e-11}","{0.00320941,0.870862,0.125928,3.91373e-07}","{0.0,4.74023e-14,0.00503831,0.994962}","{0.0,0.00021786,0.263401,0.736381}"
dataset/aoi/sourcefiles/ArtOfIllusion/src/artofillusion/ui/DefaultToolButton.java,3.7376441955566406,"{0.980362,0.0183597,0.000943958,0.000334124}",False,0,"{0.999999,9.47792e-07,1.99676e-13,0.0}","{0.942242,0.0552206,0.00253737,4.73798e-12}","{0.0,1.9404e-08,0.95305,0.0469499}","{5.081e-17,2.59347e-09,0.0877939,0.912206}"
dataset/aoi/sourcefiles/ArtOfIllusion/src/artofillusion/ui/ToolPalette.java,3.5638748754077807,"{0.0114379,0.91303,0.075532,1.20478e-07}",True,1,"{0.0138065,0.464325,0.519891,0.00197687}","{6.87484e-06,0.390459,0.608976,0.000557745}","{1.12405e-08,0.115805,0.882317,0.00187836}","{3.0863e-05,0.0453484,0.909886,0.0447346}"
dataset/aoi/sourcefiles/ArtOfIllusion/src/artofillusion/view/FlatVertexShader.java,3.777484655380249,"{0.655007,0.344991,2.02603e-06,0.0}",False,0,"{0.908353,0.0916467,3.8321e-07,2.60088e-13}","{0.406137,0.590753,0.00310968,3.11464e-08}","{6.76992e-06,0.0105432,0.379533,0.609917}","{0.0,2.44921e-10,0.0861324,0.913868}"
dataset/aoi/sourcefiles/ArtOfIllusion/src/artofillusion/view/GLCanvasDrawer.java,3.032898309409719,"{0.0,0.0,0.508818,0.491182}",True,2,"{0.0,2.08e-18,0.91556,0.0844404}","{0.0,0.0,1.0,0.0}","{1.0,0.0,0.0,0.0}","{1.0,0.0,0.0,0.0}"
dataset/aoi/sourcefiles/ArtOfIllusion/src/artofillusion/view/TexturedVertexShader.java,3.4498663283884525,"{5.38969e-13,0.00247362,0.934699,0.0628272}",True,2,"{3.06711e-15,0.0564465,0.943553,4.39496e-07}","{4.39941e-06,0.00397586,0.913184,0.0828352}","{0.95757,0.0424293,2.47204e-07,0.0}","{3.36761e-05,0.838282,0.161663,2.09e-05}"
dataset/aoi/sourcefiles/HelpPlugin/src/HelpPlugin.java,4.095849900002228,"{0.0,0.0,2.77468e-08,1.0}",True,3,"{0.0,0.000410898,0.812754,0.186835}","{4.55247e-11,7.26479e-06,1.4386e-06,0.999991}","{0.625967,0.374033,0.0,0.0}","{1.0,0.0,0.0,0.0}"
dataset/aoi/sourcefiles/HelpPlugin/src/ChatTextPane.java,4.199287955331108,"{5.19486e-10,0.0402193,0.717704,0.242077}",True,2,"{1.00053e-11,0.95712,0.0428768,3.59289e-06}","{9.93292e-13,0.322445,0.63569,0.0418648}","{0.458368,0.15113,0.387471,0.00303148}","{0.99974,0.00025978,0.0,0.0}"
dataset/aoi/sourcefiles/HelpPlugin/src/StringEditor.java,4.466106041227581,"{3e-20,0.017712,0.899637,0.082651}",True,2,"{0.0121558,0.967521,0.0203234,1.41564e-10}","{0.0227708,0.146763,1.68779e-06,0.830465}","{0.0873049,0.633623,0.279036,3.60028e-05}","{0.00475364,0.224089,0.681884,0.0892735}"
dataset/argoUML/sourcefiles/src/argouml-app/src/org/argouml/application/api/Argo.java,2.595973691390234,"{9.05749e-12,1.0,5.86872e-10,0.0}",True,1,"{1.0,2.0371e-08,0.0,0.0}","{3e-20,0.73303,0.26697,2.94839e-15}","{0.0,7.25812e-09,9.84271e-06,0.99999}","{0.0,0.0,6.93e-18,1.0}"
dataset/argoUML/sourcefiles/src/argouml-app/src/org/argouml/application/events/ArgoEventPump.java,3.4418307519426534,"{0.00854576,0.991454,1.03802e-14,0.0}",True,1,"{1.0,1.04008e-11,0.0,0.0}","{3.26325e-08,1.0,0.0,0.0}","{1.41e-18,1.0,0.0,0.0}","{0.0,1.2e-19,0.253971,0.746029}"
dataset/argoUML/sourcefiles/src/argouml-app/src/org/argouml/cognitive/ui/PriorityNode.java,4.182615756988525,"{0.993417,0.00658346,7.92256e-12,0.0}",False,0,"{0.451338,0.547055,0.00160728,1.93198e-07}","{0.952804,0.0471939,1.75681e-06,1.34915e-11}","{5.09599e-12,1.00485e-05,0.0691067,0.930883}","{0.0,3.02134e-11,0.0140928,0.985907}"
dataset/argoUML/sourcefiles/src/argouml-app/src/org/argouml/cognitive/ui/ToDoByType.java,3.3410057896061947,"{1.14533e-12,0.00502143,0.974591,0.0203876}",True,2,"{3.02483e-10,0.107828,0.892142,3.0114e-05}","{4.99807e-07,0.209156,0.780232,0.010612}","{8.32469e-13,0.0213792,0.978618,2.54479e-06}","{0.00017693,0.700924,0.298899,4.31073e-09}"
dataset/argoUML/sourcefiles/src/argouml-app/src/org/argouml/cognitive/UnresolvableException.java,7.101638317108154,"{0.992887,0.007113,1.14254e-12,0.0}",False,0,"{0.908249,0.0917257,2.54051e-05,1.46736e-10}","{0.958839,0.0411602,7.4424e-07,1.67293e-14}","{1.14206e-12,2.11612e-06,0.0338668,0.966131}","{0.0,2.33187e-10,0.0263247,0.973675}"
dataset/argoUML/sourcefiles/src/argouml-core-umlpropertypanels/src/org/argouml/core/propertypanels/ui/EnumerationListModel.java,5.550282955169678,"{0.983715,0.0162848,3.53805e-10,0.0}",False,0,"{0.953474,0.0465243,1.20055e-06,3.83515e-13}","{0.947926,0.052072,1.65639e-06,2.38462e-11}","{2.95365e-15,1.11632e-05,0.0652689,0.93472}","{0.0,5.62316e-10,0.0753064,0.924694}"
dataset/argoUML/sourcefiles/src/argouml-core-umlpropertypanels/src/org/argouml/core/propertypanels/ui/LabelledLayout.java,3.987391488559683,"{1.6717e-10,0.522658,0.477342,9.50927e-08}",True,1,"{2.3451e-06,0.895663,0.104327,7.47923e-06}","{6.70177e-06,0.548659,0.426607,0.0247276}","{0.0348354,0.900313,0.0648513,6.05533e-07}","{0.0264967,0.755517,0.217957,2.86141e-05}"
dataset/argoUML/sourcefiles/src/argouml-core-umlpropertypanels/src/org/argouml/core/propertypanels/ui/UMLDiscriminatorNameDocument.java,5.577846050262451,"{0.993417,0.00658346,7.92256e-12,0.0}",False,0,"{0.909891,0.090104,3.24958e-06,1.24981e-06}","{0.952804,0.0471939,1.75681e-06,1.34915e-11}","{0.0,1.9923e-14,0.00453665,0.995463}","{0.0,3.02134e-11,0.0140928,0.985907}"
dataset/argoUML/sourcefiles/src/argouml-core-umlpropertypanels/src/org/argouml/core/propertypanels/ui/UMLExpressionPanel.java,4.069387435913086,"{0.985931,0.0140686,8.42778e-10,0.0}",False,0,"{0.930529,0.0694565,1.43562e-05,0.0}","{0.90414,0.09586,5.30072e-08,0.0}","{0.0,1.34765e-10,0.0548876,0.945112}","{0.0,0.0221371,0.583714,0.394149}"
dataset/argoUML/sourcefiles/src/argouml-core-umlpropertypanels/src/org/argouml/core/propertypanels/ui/UMLIncludeBaseListModel.java,6.149404048919678,"{0.978809,0.021191,1.89057e-09,0.0}",False,0,"{0.900057,0.0999342,3.8766e-06,4.77021e-06}","{0.922848,0.0771458,6.1322e-06,2.42194e-09}","{0.0,1.21824e-12,0.0118707,0.988129}","{0.0,3.56449e-10,0.0530996,0.9469}"
dataset/argoUML/sourcefiles/src/argouml-core-umlpropertypanels/src/org/argouml/core/propertypanels/ui/UMLMessageActivatorComboBoxModel.java,4.829185485839844,"{0.0240528,0.975938,8.91338e-06,2e-20}",True,1,"{0.660229,0.339753,1.24548e-05,5.26331e-06}","{0.0175904,0.921934,0.0604722,3.00636e-06}","{0.000160653,0.0448081,0.925749,0.0292827}","{0.0,2.22454e-10,0.0464159,0.953584}"
dataset/argoUML/sourcefiles/src/argouml-core-umlpropertypanels/src/org/argouml/core/propertypanels/ui/UMLModelElementSourceFlowListModel.java,5.496438980102539,"{0.988667,0.0113334,2.46646e-11,0.0}",False,0,"{0.870871,0.129047,8.0319e-05,1.70088e-06}","{0.931635,0.0683612,3.47957e-06,1.74392e-10}","{3.29649e-12,3.50398e-06,0.0360278,0.963969}","{0.0,2.63917e-10,0.0263247,0.973675}"
dataset/argoUML/sourcefiles/src/argouml-core-umlpropertypanels/src/org/argouml/core/propertypanels/ui/UMLOFSStateListModel.java,4.09013576106101,"{2.89434e-06,0.73082,0.269177,5.706e-17}",True,1,"{0.0184965,0.979296,0.00220774,7.79887e-14}","{0.000508959,0.999489,2.48152e-06,7.01998e-14}","{4.86185e-11,0.484136,0.515857,6.9754e-06}","{1.25343e-14,0.110723,0.841031,0.0482467}"
dataset/argoUML/sourcefiles/src/argouml-core-umlpropertypanels/src/org/argouml/core/propertypanels/ui/UMLSignalComboBoxModel.java,4.296773910522461,"{0.771724,0.228276,2.48338e-09,0.0}",False,0,"{0.908249,0.0917257,2.54051e-05,1.46736e-10}","{0.179121,0.820582,0.000297076,8.43235e-10}","{5.80912e-07,0.0125005,0.811657,0.175842}","{0.0,2.26276e-05,0.193123,0.806855}"
dataset/argoUML/sourcefiles/src/argouml-core-umlpropertypanels/src/org/argouml/core/propertypanels/ui/UMLTemplateParameterParameterComboBoxModel.java,4.343053340911865,"{0.191239,0.808751,9.92388e-06,9e-20}",True,1,"{0.272821,0.725711,0.000145759,0.00132226}","{0.0460975,0.944291,0.00961016,1.44539e-06}","{5.7327e-09,0.00100024,0.981157,0.0178424}","{0.0,3.56449e-10,0.0530996,0.9469}"
dataset/argoUML/sourcefiles/modules/dev/src/org/argouml/dev/UndoManagerWrapper.java,7.406614780426025,"{7.11734e-11,0.999999,8.72392e-07,0.0}",True,1,"{0.285718,0.714255,2.66569e-05,3.6e-19}","{0.981283,0.0187168,5.83081e-11,0.0}","{0.0,1.96715e-08,0.0150126,0.984987}","{0.0,5.60188e-11,0.0292183,0.970782}"
dataset/argoUML/sourcefiles/src/argouml-app/src/org/argouml/gefext/ArgoFigRect.java,3.7768218517303467,"{0.952335,0.0476649,3.02513e-07,2.01474e-15}",False,0,"{0.957194,0.0427955,1.01182e-05,6.00241e-10}","{0.916827,0.0827324,0.000440876,5.81851e-11}","{7.25228e-12,0.000480204,0.0986215,0.900898}","{2.16921e-08,0.000702627,0.120956,0.878342}"
dataset/argoUML/sourcefiles/src/argouml-app/src/org/argouml/gefext/ArgoModeCreateFigLine.java,5.355970859527588,"{0.966917,0.0330828,3.61609e-10,0.0}",False,0,"{0.975527,0.0244723,5.14538e-07,2.10541e-13}","{0.939929,0.0600695,1.16069e-06,6.04743e-11}","{2.3646e-16,4.09431e-06,0.0292064,0.970789}","{0.0,3.51971e-10,0.0660224,0.933978}"
dataset/argoUML/sourcefiles/src/argouml-app/src/org/argouml/kernel/ProfileConfiguration.java,4.009891280794058,"{2.53546e-10,0.83946,0.16054,9.78991e-11}",True,1,"{0.269035,0.729839,0.00112576,1.53365e-07}","{0.298312,0.701045,0.000641972,1.26568e-06}","{0.000338845,0.0395925,0.738948,0.221121}","{0.00304545,0.455012,0.541191,0.000751069}"
dataset/argoUML/sourcefiles/src/argouml-core-model/src/org/argouml/model/AbstractUseCasesHelperDecorator.java,3.4392430782318115,"{0.985931,0.0140686,8.42778e-10,0.0}",False,0,"{0.930529,0.0694565,1.43562e-05,0.0}","{0.90414,0.09586,5.30072e-08,0.0}","{0.0,1.34765e-10,0.0548876,0.945112}","{0.0,0.00129633,0.071262,0.927442}"
dataset/argoUML/sourcefiles/src/argouml-core-model-euml/src/org/argouml/model/euml/CollaborationsFactoryEUMLImpl.java,3.6551786913789424,"{0.0048363,0.99515,1.33174e-05,1.2e-19}",True,1,"{0.958295,0.0417043,1.00052e-06,9.98987e-14}","{0.00114495,0.721657,0.277165,3.31079e-05}","{1.3372e-14,6.33794e-05,0.315255,0.684682}","{0.0,4.89703e-06,0.155247,0.844748}"
dataset/argoUML/sourcefiles/src/argouml-core-model-euml/src/org/argouml/model/euml/DataTypesHelperEUMLImpl.java,2.9762483261378687,"{1.02921e-15,0.00696502,0.918167,0.0748678}",True,2,"{2.16371e-05,0.952908,0.0470702,2.16149e-09}","{3.13396e-11,0.0193747,0.958787,0.0218384}","{1.54605e-09,0.727202,0.272798,1.98514e-10}","{5.38693e-08,0.987707,0.0122928,1.782e-17}"
dataset/argoUML/sourcefiles/src/argouml-core-model-euml/src/org/argouml/model/euml/UMLUtil.java,3.2871836670174086,"{2.40483e-09,0.923577,0.0764227,4.4119e-16}",True,1,"{1.1e-19,0.168649,0.831351,6.2769e-16}","{5.2603e-09,0.0130497,0.98695,7.24968e-09}","{8.0885e-06,0.995863,0.00412839,0.0}","{0.000793313,0.99536,0.00384636,1.29162e-14}"
dataset/argoUML/sourcefiles/src/argouml-core-model-euml/src/org/argouml/model/euml/XmiReaderEUMLImpl.java,3.8039360950130443,"{0.0,0.0,7.07932e-06,0.999993}",True,3,"{0.0,7.21937e-05,0.896555,0.103372}","{0.0,2.29392e-05,0.630307,0.36967}","{0.357776,0.642224,0.0,0.0}","{0.0,1.0,2.36173e-11,0.0}"
dataset/argoUML/sourcefiles/src/argouml-core-model-mdr/src/org/argouml/model/mdr/CollaborationsHelperMDRImpl.java,3.759394302073067,"{0.0,0.0434563,0.956538,6.02885e-06}",True,2,"{1.92759e-13,0.0722773,0.927723,4.61098e-12}","{9.89714e-11,0.00647596,0.992819,0.000705395}","{0.0190783,0.893088,0.0878342,6.50472e-11}","{0.0182244,0.680318,0.301457,4.57405e-08}"
dataset/argoUML/sourcefiles/src/argouml-core-model-mdr/src/org/argouml/model/mdr/CoreFactoryMDRImpl.java,3.5713119520727994,"{0.0,0.0,2.88425e-14,1.0}",True,3,"{0.0,0.000136645,0.985562,0.0143011}","{0.0,0.0,0.000346783,0.999653}","{0.814834,0.185166,0.0,0.0}","{0.0723511,0.927649,0.0,0.0}"
dataset/argoUML/sourcefiles/src/argouml-core-model-mdr/src/org/argouml/model/mdr/ModelEventPumpMDRImpl.java,3.6996046630134405,"{8.859e-17,0.00121692,0.896359,0.102424}",True,2,"{0.78475,0.214908,0.00034223,1.36792e-14}","{2.02793e-11,0.0508673,0.940417,0.0087159}","{1.24696e-09,0.0933002,0.9067,8.77088e-09}","{0.967674,0.0323213,4.41241e-06,1.77e-18}"
dataset/argoUML/sourcefiles/src/argouml-core-model-mdr/src/org/argouml/model/mdr/UmlFactoryMDRImpl.java,3.1250672264833033,"{0.0,8.52015e-05,0.297496,0.702419}",True,3,"{0.0,0.00484147,0.995159,5.71904e-09}","{7.79898e-13,7.86981e-05,0.93223,0.0676915}","{0.723761,0.276172,6.7397e-05,0.0}","{0.997663,0.00233626,2.19295e-07,0.0}"
dataset/argoUML/sourcefiles/src/argouml-app/src/org/argouml/notation/providers/ActionStateNotation.java,4.610306262969971,"{0.996843,0.00315683,6.82826e-14,0.0}",False,0,"{0.584582,0.415395,2.29616e-05,4.60988e-15}","{0.179774,0.819112,0.00111319,1.47414e-14}","{9e-20,1.1399e-07,0.0242425,0.975757}","{0.0,4.28517e-11,0.0203369,0.979663}"
dataset/argoUML/sourcefiles/src/argouml-app/src/org/argouml/notation/providers/java/AssociationEndNameNotationJava.java,4.073033332824707,"{0.993417,0.00658346,7.92256e-12,0.0}",False,0,"{0.909891,0.090104,3.24958e-06,1.24981e-06}","{0.576995,0.42189,0.00111496,1.03004e-10}","{1.705e-12,2.96941e-05,0.90928,0.0906898}","{0.0,3.02134e-11,0.0140928,0.985907}"
dataset/argoUML/sourcefiles/src/argouml-app/src/org/argouml/notation/providers/uml/ClassifierRoleNotationUml.java,3.8952746984008826,"{0.0,7.52369e-07,0.149396,0.850603}",True,3,"{1e-20,0.00519981,0.994794,5.67325e-06}","{2.49917e-07,0.00130213,0.998621,7.63328e-05}","{0.907919,0.0920788,1.87185e-06,0.0}","{0.413004,0.586895,0.000100999,0.0}"
dataset/argoUML/sourcefiles/src/argouml-app/src/org/argouml/persistence/AbstractFilePersister.java,3.646426702363983,"{0.0135493,0.986451,0.0,0.0}",True,1,"{0.997182,0.00281767,0.0,0.0}","{0.660073,0.339927,0.0,0.0}","{0.0,0.0147697,0.98523,0.0}","{0.0,0.0,1.0,1.7e-19}"
dataset/argoUML/sourcefiles/src/argouml-core-diagrams-sequence2/src/org/argouml/sequence2/diagram/FigMessage.java,4.104613799804381,"{4.595e-16,5.73583e-06,0.611055,0.388939}",True,2,"{0.000477674,0.727781,0.26777,0.00397104}","{4.6932e-08,0.991684,0.00831642,3.35336e-12}","{0.313478,0.424887,0.261635,7e-20}","{2.65368e-08,0.210027,0.789973,1.42825e-08}"
dataset/argoUML/sourcefiles/src/argouml-app/src/org/argouml/ui/cmd/ShortcutField.java,3.8745529651641846,"{7.80593e-05,0.990595,0.0093268,0.0}",True,1,"{0.999872,0.000127839,3e-20,0.0}","{0.00105809,0.998935,6.4894e-06,1e-20}","{1.38117e-07,0.895009,0.104991,4.90838e-08}","{0.0,7.21282e-15,0.999675,0.000325138}"
dataset/argoUML/sourcefiles/src/argouml-app/src/org/argouml/ui/explorer/ExplorerTreeModel.java,3.8450645589029926,"{2.827e-07,0.236097,0.70733,0.0565721}",True,2,"{0.310328,0.676527,0.0131446,2.31265e-09}","{0.0,0.875816,0.12408,0.00010383}","{0.0343718,0.816161,0.149467,0.0}","{0.000265336,0.881963,0.117772,0.0}"
dataset/argoUML/sourcefiles/src/argouml-app/src/org/argouml/ui/explorer/rules/AbstractPerspectiveRule.java,6.135476589202881,"{0.997367,0.0026326,2.961e-17,0.0}",False,0,"{0.999845,0.000155276,1.6e-19,0.0}","{0.989843,0.0101574,4.54508e-10,0.0}","{0.0,0.0,1.21932e-07,1.0}","{0.0,2.13674e-13,0.00696887,0.993031}"
dataset/argoUML/sourcefiles/src/argouml-app/src/org/argouml/ui/explorer/rules/GoStateToDoActivity.java,4.314040184020996,"{0.983715,0.0162848,3.53805e-10,0.0}",False,0,"{0.62559,0.373625,0.000785436,7.84167e-14}","{0.947926,0.052072,1.65639e-06,2.38462e-11}","{2.95365e-15,1.11632e-05,0.0652689,0.93472}","{0.0,5.62316e-10,0.0753064,0.924694}"
dataset/argoUML/sourcefiles/src/argouml-app/src/org/argouml/ui/SettingsTabLayout.java,3.7307231426239014,"{0.0,0.779858,0.220142,9.08e-18}",True,1,"{0.00625837,0.992837,0.000800063,0.000104201}","{0.0148572,0.974543,0.00945726,0.00114267}","{1.25621e-15,2.72772e-05,0.165537,0.834436}","{0.0,0.00040178,0.997402,0.00219637}"
dataset/argoUML/sourcefiles/src/argouml-app/src/org/argouml/ui/ZoomSliderButton.java,3.661772023152261,"{0.0011249,0.721043,0.277832,3.41147e-07}",True,1,"{0.029332,0.954998,0.0156261,4.43023e-05}","{0.000188948,0.276109,0.707136,0.0165661}","{0.0077364,0.392712,0.599551,6.74932e-08}","{5.54443e-07,0.168712,0.829111,0.00217636}"
dataset/argoUML/sourcefiles/src/argouml-app/src/org/argouml/uml/cognitive/checklist/Init.java,2.517619021990709,"{2.22e-18,0.999818,0.000182269,3e-20}",True,1,"{0.999998,1.60721e-06,0.0,0.0}","{3.91162e-06,0.999996,1.41145e-07,0.0}","{0.0,5.86e-18,0.00754875,0.992451}","{0.0,0.0,0.999997,3.17624e-06}"
dataset/argoUML/sourcefiles/src/argouml-app/src/org/argouml/uml/cognitive/critics/CrCircularInheritance.java,4.476711273193359,"{0.907093,0.0929066,1.68325e-08,0.0}",False,0,"{0.730586,0.269235,0.00017906,1.3709e-09}","{0.642583,0.357404,1.21041e-05,6.37924e-08}","{1.20681e-12,1.67596e-05,0.603246,0.396737}","{0.0,3.56449e-10,0.0530996,0.9469}"
dataset/argoUML/sourcefiles/src/argouml-app/src/org/argouml/uml/cognitive/critics/CrInvalidForkTriggerOrGuard.java,4.111051559448242,"{0.0,0.994475,3.15767e-08,0.00552447}",True,1,"{6.42468e-06,0.999994,0.0,0.0}","{0.000143802,0.447461,0.551739,0.00065676}","{0.0,0.0,0.0249573,0.975043}","{4.08823e-09,0.0204703,0.00911013,0.97042}"
dataset/argoUML/sourcefiles/src/argouml-app/src/org/argouml/uml/cognitive/critics/CrMissingClassName.java,4.336975574493408,"{0.0326977,0.949994,0.0173087,4.76463e-08}",True,1,"{0.641942,0.351292,0.00676627,1.25449e-10}","{0.544018,0.450992,0.00498935,1.22217e-09}","{3.77698e-11,0.00122445,0.530956,0.46782}","{2.16921e-08,0.000702627,0.120956,0.878342}"
dataset/argoUML/sourcefiles/src/argouml-app/src/org/argouml/uml/cognitive/critics/CrMissingOperName.java,4.4173173904418945,"{0.00450852,0.994923,0.000568732,1.4737e-16}",True,1,"{0.0512324,0.945141,0.00309593,0.000531063}","{0.0557424,0.92879,0.00438183,0.0110857}","{1.87542e-10,0.00175252,0.508405,0.489843}","{0.0,1.88939e-09,0.084304,0.915696}"
dataset/argoUML/sourcefiles/src/argouml-app/src/org/argouml/uml/cognitive/critics/CrMultiComposite.java,4.836902141571045,"{0.983715,0.0162848,3.53805e-10,0.0}",False,0,"{0.953474,0.0465243,1.20055e-06,3.83515e-13}","{0.947926,0.052072,1.65639e-06,2.38462e-11}","{2.95365e-15,1.11632e-05,0.0652689,0.93472}","{0.0,5.62316e-10,0.0753064,0.924694}"
dataset/argoUML/sourcefiles/src/argouml-app/src/org/argouml/uml/cognitive/critics/CrNoIncomingTransitions.java,3.8269190788269043,"{0.86437,0.135631,1.72577e-08,0.0}",False,0,"{0.712125,0.287875,1.24705e-12,0.0}","{0.455559,0.543805,0.00063664,2.02e-18}","{5.6761e-16,0.00126397,0.998736,5.36113e-08}","{3.26e-18,0.00260662,0.933999,0.0633947}"
dataset/argoUML/sourcefiles/src/argouml-app/src/org/argouml/uml/cognitive/critics/WizMEName.java,4.7898077964782715,"{0.850327,0.14967,3.52229e-06,2.6e-19}",False,0,"{0.91221,0.0873815,0.000408824,2.32251e-11}","{0.745837,0.247616,0.00654679,3.69462e-08}","{2.18e-18,6.59604e-07,0.0155713,0.984428}","{0.0,8.50711e-10,0.0354404,0.96456}"
dataset/argoUML/sourcefiles/src/argouml-app/src/org/argouml/uml/diagram/activity/ui/FigSubactivityState.java,3.6927042242021546,"{8.24906e-06,0.732174,0.267817,7.83894e-07}",True,1,"{0.828415,0.171571,1.38634e-05,4.67598e-09}","{2.33303e-06,0.19526,0.743761,0.0609761}","{8.34574e-06,0.892114,0.10781,6.81187e-05}","{1.02238e-06,0.0453594,0.81417,0.14047}"
